-31.895898818969727 -69.33809661865234 -825.4710083007812 1
-7.931910514831543 -76.30889892578125 -825.54296875 1
-0.3227100074291229 -103.71700286865234 -795.25 2
-38.558597564697266 -88.31939697265625 -790.1499633789062 2
-34.716796875 -71.19921875 -857.403076171875 2
-6.99609375 -80.884765625 -857.403076171875 2
-3.990234375 -118.958984375 -820.6524658203125 3
-27.369140625 -120.962890625 -815.0523681640625 3
-39.7265625 -78.212890625 -886.1035766601562 3
-2.3203125 -82.220703125 -883.3035278320312 3
-14.009765625 -120.62890625 -852.5029907226562 4
-42.064453125 -76.208984375 -852.1529541015625 4
-31.376953125 -78.880859375 -922.1541748046875 4
-3.990234375 -80.55078125 -918.3041381835938 4
-30.041015625 -98.5859375 -890.3036499023438 5
-19.353515625 -105.93359375 -886.1035766601562 5
